                N° Parc.;   Saldo Devedor Inicial;               Prestação;                   Juros;             Amortização;     Saldo Devedor Final
                       1;                 10000.0;                  1200.0;                   200.0;                  1000.0;                  9000.0
                       2;                  9000.0;                  1180.0;                   180.0;                  1000.0;                  8000.0
                       3;                  8000.0;                  1160.0;                   160.0;                  1000.0;                  7000.0
                       4;                  7000.0;                  1140.0;                   140.0;                  1000.0;                  6000.0
                       5;                  6000.0;                  1120.0;                   120.0;                  1000.0;                  5000.0
                       6;                  5000.0;                  1100.0;                   100.0;                  1000.0;                  4000.0
                       7;                  4000.0;                  1080.0;                    80.0;                  1000.0;                  3000.0
                       8;                  3000.0;                  1060.0;                    60.0;                  1000.0;                  2000.0
                       9;                  2000.0;                  1040.0;                    40.0;                  1000.0;                  1000.0
                      10;                  1000.0;                  1020.0;                    20.0;                  1000.0;                     0.0
