                N° Parc.;   Saldo Devedor Inicial;               Prestação;                   Juros;             Amortização;     Saldo Devedor Final
                       1;                 10000.0;      1113.2652786531635;                   200.0;       913.2652786531635;       9086.734721346837
                       2;       9086.734721346837;      1113.2652786531635;      181.73469442693673;       931.5305842262268;        8155.20413712061
                       3;        8155.20413712061;      1113.2652786531635;       163.1040827424122;       950.1611959107513;       7205.042941209858
                       4;       7205.042941209858;      1113.2652786531635;      144.10085882419716;       969.1644198289664;      6235.8785213808915
                       5;      6235.8785213808915;      1113.2652786531635;      124.71757042761783;       988.5477082255456;       5247.330813155346
                       6;       5247.330813155346;      1113.2652786531635;      104.94661626310692;      1008.3186623900565;       4239.012150765289
                       7;       4239.012150765289;      1113.2652786531635;       84.78024301530579;      1028.4850356378577;       3210.527115127432
                       8;       3210.527115127432;      1113.2652786531635;       64.21054230254865;      1049.0547363506148;       2161.472378776817
                       9;       2161.472378776817;      1113.2652786531635;       43.22944757553634;      1070.0358310776273;      1091.4365476991898
                      10;      1091.4365476991898;      1113.2652786531635;      21.828730953983797;      1091.4365476991798;   1.000444171950221e-11
